0
33
37
51
53
56
59
67
90
91
98
108
109
115
120
127
130
133
134
136
138
139
142
143
167
192
221
226
264
284
285
286
310
311
323
395
396
398
399
400
401
402
403
404
406
439
526
530
545
557
559
560
572
576
578
579
582
584
591
598
601
604
607
614
618
620
622
623
624
625
629
630
634
636
641
642
643
644
646
651
652
654
655
657
658
660
664
666
672
675
676
677
679
682
683
684
686
687
689
690
693
696
698
699
701
706
712
713
717
721
723
726
727
729
730
732
734
738
739
740
744
749
752
755
756
757
758
763
768
770
772
773
774
775
776
777
787
789
790
791
792
794
795
796
797
811
812
814
815
816
817
819
820
821
822
823
825
826
827
834
843
844
845
847
853
854
855
856
857
859
865
868
871
872
873
874
878
883
884
887
889
890
894
895
966
972
975
977
979
980
981
983
985
989
993
995
1001
1002
1026
1039
1040
1045
1048
1052
1062
1065
1070
1071
1072
1074
1075
1098
1102
1106
1107
1108
1109
1110
1115
1118
1122
1133
1134
1137
1138
1139
1140
1141
1142
1143
1145
1146
1149
1155
1156
1157
1158
1159
1160
1164
1165
1166
1174
1182
1195
1229
1239
1308
1309
1311
1314
1315
1316
1318
1319
1338
1360
1364
1368
1369
1384
1386
1400
1402
1403
1418
1420
1424
1430
1433
1434
1435
1436
1443
1444
1448
1451
1452
1462
1467
1469
1470
1471
1478
1481
1486
1491
1492
1505
1506
1510
1512
1514
1519
1521
1522
1524
1528
1530
1532
1534
1536
1538
1540
1543
1548
1553
1555
1557
1558
1559
1560
1561
1567
1568
1576
1577
1578
1579
1607
1618
1622
1628
1630
1634
1636
1637
1638
1652
1659
1664
1685
1691
1697
1698
1700
1705
1706
1708
1709
1710
1712
1714
1716
1718
1720
1723
1724
1736
1737
1738
1740
1741
1742
1745
1751
1757
1761
1763
1764
1765
1766
1768
1773
1774
1775
1776
1778
1780
1781
1782
1786
1787
1789
1790
1795
1796
1800
1802
1803
1808
1813
1815
1818
1819
1820
1823
1828
1830
1832
1838
1842
1843
1847
1849
1851
1852
1861
1868
1871
1877
1886
1890
1891
1901
1903
1905
1908
1915
1930
2030
2039
2061
2063
2127
2129
2156
2172
2192
2198
2199
2200
2207
2213
2214
2216
2217
2218
2220
2222
2223
2224
2225
2226
2228
2229
2230
2233
2234
2235
2242
2244
2251
2254
2258
2270
2274
2277
2299
2304
2308
2309
2317
2319
2332
2343
2358
2438
2444
2464
2480
2484
2486
2487
2489
2503
2508
2510
2538
2543
2547
2556
2557
2562
2563
2564
2569
2576
2578
2584
2588
2591
2592
2595
2601
2602
2603
2604
2608
2619
2623
2631
2673
2679
2680
2684
2685
2698
2703
2705
2742
2760
2765
2777
2811
2814
2821
2823
2825
2831
2832
2833
2838
2845
2850
2869
2887
2895
2909
2910
2911
2930
2933
2934
2954
2955
2957
2958
2960
2980
2984
2999
3001
3003
3009
3023
3026
3027
3056
3057
3059
3065
3080
3084
3085
3119
3123
3126
3131
3136
3140
3149
3151
3154
3164
3166
3170
3172
3184
3187
3191
3193
3195
3202
3205
3207
3209
3212
3216
3220
3226
3227
3228
3229
3231
3232
3233
3234
3236
3237
3242
3245
3277
3278
3279
3280
3288
3290
3291
3292
3293
3294
3295
3297
3303
3305
3312
3314
3315
3321
3322
3323
3332
3336
3337
3346
3348
3352
3353
3356
3369
3373
3376
3377
3378
3380
3381
3382
3383
3407
3410
3411
3413
3443
3455
3458
3460
3472
3482
3485
3493
3517
3522
3523
3530
3533
3541
3542
3558
3560
3561
3575
3582
3583
3589
3592
3595
3601
3603
3607
3609
3621
3630
3631
3636
3641
3647
3648
3650
3651
3652
3656
3657
3666
3687
3722
3748
3750
3762
3772
3778
3779
3800
3803
3815
3818
3828
3829
3842
3856
3866
3875
3876
3881
3887
3888
3890
3891
3899
3904
3905
3907
3944