2676
1261
2712
558
1620
1442
81
1755
2074
415
2688
1237
465
1303
3895
181
537
1647
962
2362
906
1986
2826
3591
2771
2710
423
720
670
294
3594
215
1459
1554
1345
1735
2667
2110
2029
705
2919
231
1399
290
2000
3364
2137
466
1060
544
3811
103
2194
2138
807
1038
3372
1527
58
458
365
3168
2516
596
2648
523
2801
3175
3087
443
355
2781
3850
2739
456
1817
3093
2325
1835
3005
121
1050
2753
1600
2526
2365
1439
1833
2749
1582
2863
322
2714
3335
213
367
965
661
1853
957
3265
2950
1487
3198
2170
3103
3795
1390
2794
2057
1473
2076
3395
1383
2386
2904
1030
2275
1249
1615
3809
2188
1517
3911
1342
3632
1054
3019
3276
2281
2376
3068
923
1887
1422
2656
1490
369
1135
254
649
2284
240
2434
1238
810
3500
860
3028
2456
145
681
3521
3238
2266
2580
1305
356
2854
1811
2674
2545
809
2514
2091
178
347
1193
2853
2467
2260
3489
3317
1268
3743
1251
2282
1362
1358
3813
3351
2135
3350
3504
2066
2518
186
2423
3545
2419
1437
3926
3289
1419
3313
667
569
2841
2756
2051
2420
2670
862
914
2733
460
296
173
3655
3365
1573
3580
3344
3675
1719
1465
3181
880
3753
3155
3427
1453
1170
2523
982
379
2331
3156
2509
3600
3684
3645
1161
3308
3710
3183
488
3431
2740
3429
1288
3763
3844
2968
2625
1279
1502
3755
1051
125
2100
1395
3466
2249
132
724
2515
1461
3908
1977
1
194
22
2890
3130
1964
217
3096
1966
3886
2396
274
229
3249
2385
1794
2415
3551
3333
3404
2168
2413
102
2366
3715
1769
2406
3127
3546
82
203
3705
3780
3016
431
2101
3476
2341
1372
3117
3736
3139
383
3397
662
3097
3463
268
3625
41
611
529
759
2001
410
237
3531
879
2568
1363
2761
3896
3731
2088
3914
2617
2009
3304
2112
1337
848
3230
1361
255
1406
710
2291
1387
3769
1381
3921
3744
1563
3213
3880
2987
9
3837
3416
1580
40
2615
3667
2067
1746
1667
2738
1265
903
925
1779
688
1105
1020
320
3877
209
3296
2843
2886
940
2157
870
3643
3180
1841
1131
767
2411
3670
166
1414
1733
608
44
1162
3138
3135
2554
2834
468
1217
2068
2310
2473
3725
1310
3320
2037
3374
2160
342
2336
2868
116
2
2427
905
786
1067
637
3770
3040
3679
2810
568
335
3387
1376
3676
325
2470
2719
2925
2632
541
1928
2417
3224
1130
2948
2123
251
3331
3604
1258
2600
3756
3006
2879
3766
2457
1992
2353
2162
114
1295
538
1057
3839
986
158
3771
1366
3689
3900
1438
471
3786
1952
2724
1940
2322
3204
1656
2599
3721
3805
3505
1479
581
839
1625
3547
1289
2330
2430
2315
3536
140
888
2289
1507
1231
428
3161
2046
70
313
1212
904
1327
2181
380
74
1218
484
2072
2449
3018
3457
374
3788
1854
3685
3702
1663
3339
2403
3468
920
2992
2748
2087
967
223
260
2555
1955
2594
2120
3894
3498
137
419
901
3424
1055
3760
3738
63
2124
3100
3115
2117
3218
1294
2096
1183
2494
556
3469
842
919
2498
2221
1535
1606
3033
3015
1734
2109
3767
745
2279
610
2840
3550
3626
2335
574
3782
1007
1321
3572
711
412
3784
2043
3937
3444
162
3569
1518
766
2485
382
587
2507
719
2995
272
3112
2709
3629
958
1257
3286
1044
2799
1147
1598
360
3838
3446
2125
3299
3768
2697
2077
1456
653
3454
1722
2678
2445
1771
1010
1241
2442
1981
3674
499
3169
316
896
2511
343
3661
3357
2640
1178
2941
1932
867
3074
3120
2943
278
3031
422
464
2745
2031
2303
1721
2626
467
1097
3740
2257
3298
2263
3361
1417
2097
3450
3417
2692
3132
3745
3479
1230
1610
2754
3099
2795
2975
3854
3462
2877
3358
2537
2851
243
1267
892
3270
2126
1979
1839
3386
1895
531
2681
2052
2164
3902
1493
2962
160
3723
808
3078
3741
3160
2131
1912
2089
3008
2297
2657
2429
2082
1552
3325
1950
1114
3000
2496
2320
1391
3241
3729
554
864
2002
269
3461
2804
2197
13
2115
85
3893
2766
2539
2382
3936
3673
3262
3408
1893
3343
952
2010
259
942
1840
3487
2905
2019
1520
2512
1271
1806
3194
2927
2354
586
52
1963
1639
1025
445
1472
1325
709
741
2675
1259
2976
941
2791
3067
157
665
1807
3564
2835
2660
1673
3734
1144
87
3935
1059
1990
1595
1262
2986
619
381
1243
89
3508
2094
3497
1254
1824
1009
2959
2882
3925
2717
3422
3598
951
504
321
2993
580
20
393
2049
2071
2003
2864
1223
2786
673
2180
2119
3532
1370
2659
2102
1613
432
2250
3840
1626
2743
3051
26
414
838
645
3509
1744
3147
3143
2579
3439
1150
3256
348
219
62
1614
1374
3701
3841
2583
1707
1689
671
1413
1246
1624
990
1177
1750
3071
760
327
2989
66
491
3474
2452
2407
1902
2211
2028
1972
1344
3095
1416
3032
1954
3081
492
1232
1947
1999
2073
1136
1857
1672
1003
938
3668
359
250
2475
384
69
3471
1355
457
3121
409
1405
2917
1942
528
475
519
1037
1878
2369
3758
2004
427
2186
2021
910
2936
3034
600
3082
281
863
1798
3544
3910
1812
2048
1749
3310
1844
1703
2967
1752
3036
3620
3287
1480
3847
536
2707
2758
1825
3092
478
3267
931
552
573
2462
1732
1198
2982
2839
668
1172
3047
2784
214
1602
1278
1797
1079
472
3050
1590
1946
934
1690
945
3672
1446
2531
2842
3703
3390
305
1747
502
2969
2715
2333
3412
385
1922
1076
2789
1197
3301
2239
1371
1593
1545
3830
3923
1354
2176
3903
339
1409
1335
23
1410
2683
955
3658
2203
501
1867
3371
2878
3798
1646
621
2971
368
2704
144
336